1 0.448437 0.756250 0.156250 0.204167
0 0.231250 0.446875 0.165625 0.214583
0 0.857031 0.419792 0.142187 0.181250
0 0.851562 0.833333 0.171875 0.229167
0 0.427344 0.532292 0.185938 0.252083
1 0.635156 0.789583 0.207813 0.266667
0 0.905469 0.613542 0.151562 0.214583
1 0.706250 0.363542 0.181250 0.231250
0 0.288281 0.663542 0.173437 0.235417
0 0.364063 0.321875 0.156250 0.210417
0 0.529687 0.330208 0.184375 0.243750
0 0.593750 0.552083 0.131250 0.170833
0 0.641406 0.139583 0.164062 0.208333
0 0.220312 0.230208 0.159375 0.206250
