0 0.557031 0.801042 0.154688 0.206250
1 0.247656 0.827083 0.154688 0.204167
0 0.360938 0.485417 0.146875 0.195833
0 0.352344 0.275000 0.148438 0.200000
0 0.214844 0.379167 0.154688 0.208333
0 0.564063 0.579167 0.178125 0.233333
0 0.596094 0.203125 0.142187 0.189583
0 0.709375 0.582292 0.115625 0.164583
1 0.732812 0.812500 0.193750 0.258333
0 0.491406 0.372917 0.148438 0.204167
0 0.664062 0.381250 0.171875 0.216667
0 0.881250 0.644792 0.162500 0.218750
0 0.422656 0.911458 0.154688 0.172917
0 0.764062 0.185417 0.146875 0.195833
