0 0.643750 0.567708 0.125000 0.168750
0 0.401562 0.141667 0.156250 0.208333
1 0.359375 0.690625 0.156250 0.197917
0 0.764844 0.627083 0.154688 0.208333
1 0.760156 0.389583 0.176563 0.241667
0 0.706250 0.177083 0.153125 0.204167
0 0.161719 0.558333 0.154688 0.191667
0 0.435156 0.360417 0.151562 0.195833
0 0.312500 0.492708 0.150000 0.193750
1 0.661719 0.812500 0.179688 0.241667
0 0.600781 0.370833 0.164062 0.212500
0 0.493750 0.568750 0.175000 0.229167
0 0.899219 0.488542 0.154688 0.206250
0 0.364063 0.861458 0.121875 0.164583
0 0.550000 0.190625 0.137500 0.189583
0 0.188281 0.785417 0.170313 0.216667
0 0.489063 0.802083 0.146875 0.195833
