1 0.303906 0.716667 0.173437 0.225000
0 0.444531 0.344792 0.164062 0.202083
0 0.146094 0.336458 0.167187 0.210417
1 0.903906 0.487500 0.189062 0.250000
0 0.100000 0.818750 0.184375 0.237500
1 0.614062 0.759375 0.203125 0.264583
0 0.289062 0.490625 0.156250 0.206250
1 0.460938 0.587500 0.171875 0.216667
0 0.756250 0.629167 0.165625 0.233333
0 0.735156 0.109375 0.160938 0.206250
0 0.627344 0.486458 0.185938 0.239583
0 0.590625 0.279167 0.146875 0.183333
0 0.753125 0.354167 0.168750 0.220833
0 0.443750 0.853125 0.168750 0.214583
