0 0.106250 0.611458 0.181250 0.231250
0 0.326562 0.714583 0.162500 0.208333
0 0.304688 0.316667 0.134375 0.170833
1 0.890625 0.457292 0.181250 0.252083
0 0.185938 0.815625 0.165625 0.210417
0 0.450000 0.388542 0.156250 0.206250
1 0.759375 0.602083 0.162500 0.229167
0 0.299219 0.512500 0.154688 0.204167
1 0.466406 0.613542 0.157812 0.214583
0 0.445312 0.193750 0.146875 0.187500
0 0.601562 0.285417 0.156250 0.212500
0 0.153125 0.376042 0.159375 0.206250
0 0.738281 0.352083 0.160938 0.225000
1 0.457813 0.846875 0.159375 0.214583
1 0.625781 0.762500 0.182812 0.250000
0 0.627344 0.503125 0.164062 0.231250
