1 0.157812 0.541667 0.231250 0.283333
0 0.146875 0.256250 0.146875 0.191667
0 0.867969 0.754167 0.179688 0.237500
0 0.288281 0.347917 0.170313 0.212500
1 0.503906 0.663542 0.170313 0.227083
0 0.591406 0.133333 0.176563 0.245833
1 0.475781 0.395833 0.204687 0.262500
0 0.357031 0.594792 0.157812 0.210417
0 0.682031 0.354167 0.179688 0.237500
1 0.507812 0.890625 0.165625 0.214583
0 0.416406 0.145833 0.173437 0.241667
1 0.849219 0.465625 0.160938 0.227083
0 0.275781 0.136458 0.145313 0.202083
1 0.693750 0.619792 0.196875 0.268750
0 0.176563 0.801042 0.168750 0.222917
1 0.810156 0.226042 0.182812 0.231250
