0 0.620313 0.893750 0.168750 0.200000
0 0.073438 0.426042 0.140625 0.239583
0 0.875000 0.556250 0.228125 0.300000
0 0.646875 0.520833 0.178125 0.229167
0 0.626563 0.294792 0.168750 0.214583
1 0.507031 0.665625 0.192188 0.256250
1 0.451562 0.451042 0.171875 0.222917
1 0.119531 0.660417 0.160938 0.208333
0 0.453906 0.878125 0.173437 0.214583
0 0.307812 0.755208 0.171875 0.227083
1 0.199219 0.859375 0.173437 0.202083
1 0.246875 0.504167 0.187500 0.254167
0 0.707812 0.710417 0.165625 0.212500
0 0.814063 0.318750 0.143750 0.183333
0 0.456250 0.209375 0.178125 0.239583
0 0.296094 0.258333 0.157812 0.225000
1 0.117969 0.185417 0.170313 0.237500
