0 0.614844 0.806250 0.160938 0.212500
1 0.342187 0.647917 0.175000 0.237500
0 0.096875 0.315625 0.175000 0.235417
0 0.925000 0.401042 0.121875 0.164583
0 0.514844 0.594792 0.148438 0.197917
0 0.501563 0.392708 0.137500 0.189583
0 0.469531 0.784375 0.126562 0.164583
1 0.225781 0.742708 0.132812 0.185417
1 0.179688 0.545833 0.153125 0.195833
0 0.430469 0.198958 0.157812 0.206250
0 0.665625 0.608333 0.153125 0.183333
0 0.660156 0.409375 0.160938 0.206250
0 0.792188 0.493750 0.143750 0.191667
0 0.825000 0.250000 0.168750 0.212500
0 0.593750 0.218750 0.156250 0.204167
