0 0.849219 0.172917 0.185938 0.241667
1 0.342187 0.602083 0.181250 0.237500
1 0.185938 0.487500 0.162500 0.204167
0 0.627344 0.137500 0.164062 0.220833
0 0.537500 0.523958 0.128125 0.172917
0 0.455469 0.118750 0.167187 0.229167
0 0.508594 0.718750 0.160938 0.225000
1 0.330469 0.327083 0.214062 0.275000
0 0.675781 0.770833 0.151562 0.200000
0 0.340625 0.817708 0.159375 0.206250
1 0.234375 0.688542 0.140625 0.181250
0 0.100000 0.246875 0.181250 0.252083
0 0.679688 0.558333 0.146875 0.200000
0 0.678125 0.346875 0.156250 0.210417
0 0.284375 0.103125 0.156250 0.197917
1 0.828125 0.701042 0.168750 0.218750
