0 0.762500 0.443750 0.181250 0.245833
0 0.250781 0.816667 0.170313 0.225000
0 0.463281 0.533333 0.129688 0.175000
1 0.914062 0.558333 0.162500 0.220833
1 0.099219 0.570833 0.192188 0.254167
0 0.432812 0.336458 0.153125 0.197917
0 0.366406 0.133333 0.167187 0.208333
0 0.869531 0.311458 0.120313 0.177083
0 0.596875 0.345833 0.156250 0.204167
0 0.434375 0.752083 0.171875 0.237500
0 0.605469 0.577083 0.151562 0.212500
1 0.764062 0.716667 0.178125 0.237500
0 0.753125 0.169792 0.181250 0.227083
1 0.235156 0.348958 0.217188 0.281250
1 0.319531 0.566667 0.151562 0.208333
0 0.201563 0.120833 0.156250 0.195833
0 0.607812 0.795833 0.162500 0.212500
