0 0.379688 0.600000 0.153125 0.208333
0 0.725781 0.143750 0.167187 0.220833
0 0.378125 0.167708 0.162500 0.210417
0 0.532813 0.414583 0.131250 0.175000
1 0.539844 0.607292 0.160938 0.210417
0 0.549219 0.220833 0.160938 0.220833
1 0.221875 0.243750 0.175000 0.237500
1 0.700781 0.386458 0.164062 0.214583
0 0.249219 0.726042 0.157812 0.214583
1 0.832031 0.384375 0.132812 0.197917
1 0.618750 0.833333 0.209375 0.270833
0 0.789062 0.846875 0.146875 0.202083
0 0.181250 0.484375 0.190625 0.243750
0 0.716406 0.607292 0.160938 0.214583
0 0.387500 0.382292 0.156250 0.210417
