1 0.182812 0.273958 0.200000 0.264583
0 0.634375 0.605208 0.162500 0.214583
0 0.350000 0.407292 0.156250 0.197917
1 0.579688 0.827083 0.159375 0.204167
0 0.410156 0.821875 0.164062 0.214583
1 0.518750 0.378125 0.165625 0.210417
0 0.547656 0.166667 0.157812 0.204167
0 0.261719 0.742708 0.167187 0.218750
0 0.711719 0.158333 0.164062 0.216667
0 0.458594 0.596875 0.179688 0.231250
0 0.669531 0.397917 0.148438 0.195833
0 0.813281 0.334375 0.123438 0.172917
1 0.360938 0.142708 0.200000 0.256250
1 0.836719 0.562500 0.207813 0.279167
1 0.196094 0.526042 0.164062 0.214583
