0 0.639844 0.194792 0.160938 0.214583
0 0.589063 0.413542 0.171875 0.231250
1 0.314844 0.227083 0.167187 0.212500
0 0.417969 0.401042 0.160938 0.218750
1 0.472656 0.181250 0.164062 0.225000
0 0.689063 0.590625 0.143750 0.193750
1 0.239844 0.444792 0.189062 0.247917
1 0.131250 0.200000 0.209375 0.283333
0 0.386719 0.604167 0.142187 0.179167
1 0.842969 0.480208 0.157812 0.210417
1 0.489844 0.876042 0.151562 0.197917
1 0.858594 0.725000 0.185938 0.245833
0 0.247656 0.662500 0.129688 0.175000
1 0.832812 0.188542 0.187500 0.252083
0 0.188281 0.835417 0.157812 0.204167
