1 0.735938 0.502083 0.156250 0.212500
0 0.129688 0.468750 0.150000 0.204167
0 0.349219 0.231250 0.151562 0.204167
1 0.129688 0.178125 0.193750 0.247917
1 0.545312 0.205208 0.203125 0.277083
1 0.326562 0.712500 0.162500 0.212500
0 0.888281 0.191667 0.132812 0.179167
0 0.717187 0.273958 0.140625 0.202083
1 0.917188 0.667708 0.146875 0.214583
0 0.088281 0.752083 0.167187 0.220833
1 0.527344 0.732292 0.189062 0.256250
1 0.527344 0.472917 0.145313 0.187500
1 0.903125 0.427083 0.137500 0.204167
0 0.728125 0.733333 0.153125 0.208333
0 0.319531 0.482292 0.157812 0.210417
